A : -19.1864 -25.4157 272.974
B : 25.6492 35.89 26.0525
C : 9.3511 37.8167 11.3114
D : -2.07797 -22.8819 15.3753
E : 19.1409 -18.8637 -10.8967
F : 8.23941 -10.1952 -38.9352
G : 17.6331 -113.82 98.0601
H : 149.183 132.052 166.039
I : 149.44 118.12 129.683
L : 122.251 89.4152 123.079